241
239
240
242
243
244
245
245
244
244
245
244
243
243
244
243
243
244
243
244
244
244
244
244
245
244
245
244
245
244
245
245
244
245
245
244
245
245
245
245
244
244
244
245
245
244
244
244
246
244
244
245
245
246
245
245
245
245
245
245
245
244
245
244
245
245
245
245
245
244
239
240
240
241
242
242
242
242
242
243
242
242
242
242
242
242
242
242
242
242
242
243
242
242
242
243
242
242
243
242
242
242
242
242
243
237
230
232
240
243
242
243
243
243
243
243
242
242
243
243
243
244
244
243
243
243
243
243
243
243
242
243
242
242
243
242
242
243
242
242
239
240
240
241
241
242
243
242
242
242
242
242
242
242
242
242
242
242
242
242
242
242
242
242
242
243
243
243
243
242
243
242
242
243
243
243
243
243
242
242
242
242
243
242
243
242
243
242
242
236
233
233
236
242
243
243
242
242
242
242
242
242
242
241
241
241
241
242
242
242
239
240
241
241
241
242
242
242
242
242
242
242
242
242
242
241
242
242
242
241
240
229
200
188
183
183
198
230
244
242
242
243
243
242
242
242
242
242
242
242
242
242
242
241
242
243
242
240
186
154
142
139
145
164
211
244
243
242
242
242
241
242
241
241
241
241
241
241
242
241
239
240
241
242
241
242
243
242
242
243
242
241
242
241
242
242
242
241
242
241
222
153
110
96
93
99
128
185
240
243
243
243
243
242
243
242
242
242
242
241
242
241
242
242
242
242
242
211
133
86
68
64
71
100
167
244
244
242
242
241
241
241
242
242
242
241
242
242
242
242
240
241
241
243
241
242
242
242
243
242
242
241
241
242
242
241
241
242
242
241
193
112
63
49
48
58
96
167
233
244
242
242
243
242
242
243
242
242
241
242
241
242
241
242
242
242
242
217
129
59
40
37
47
80
153
246
243
242
242
241
241
241
241
242
241
241
242
242
242
242
240
241
241
243
243
243
242
243
242
242
242
241
242
241
241
241
242
242
241
241
197
111
54
34
34
47
87
163
233
244
242
242
243
242
242
242
242
242
242
242
241
242
241
242
242
242
243
207
120
60
37
32
38
65
149
246
243
242
242
242
241
241
242
241
242
241
242
241
241
241
240
241
241
241
242
242
243
242
243
242
242
242
242
241
242
242
242
242
242
242
185
104
52
34
32
41
73
147
233
245
243
243
243
243
243
243
242
242
242
242
241
241
242
243
243
243
242
203
114
60
38
35
41
71
138
234
244
243
243
242
242
241
242
241
241
241
242
241
242
241
240
241
242
242
242
242
242
243
243
242
242
242
242
242
242
242
242
242
243
242
177
102
57
43
41
50
84
150
215
245
243
244
243
243
243
242
242
242
242
242
242
243
242
242
243
244
244
210
117
72
55
53
59
84
144
228
244
243
243
242
243
242
242
242
241
241
241
242
241
242
241
241
242
242
242
243
242
243
243
242
242
242
242
242
241
242
243
242
243
220
178
118
86
80
80
86
109
149
190
214
218
221
227
239
243
243
243
242
242
242
242
241
232
223
216
212
206
184
152
126
118
118
121
133
157
191
211
217
222
228
241
242
243
242
241
241
241
241
242
242
242
241
243
242
242
242
242
243
243
242
242
243
242
241
217
187
173
167
164
158
156
152
152
154
155
155
152
149
143
139
138
139
148
174
222
244
242
243
242
242
242
199
152
131
124
124
130
148
180
200
211
215
216
207
171
134
118
114
114
123
155
227
243
242
242
241
242
242
241
241
241
242
241
243
242
242
242
243
242
243
242
243
242
217
146
101
86
81
84
101
139
187
218
230
233
230
207
162
99
74
68
69
82
122
192
245
243
243
242
243
240
174
100
66
57
61
79
127
204
246
245
245
245
244
195
116
68
52
51
60
110
205
244
242
241
241
241
241
242
241
243
243
242
242
242
242
242
242
243
242
242
242
243
212
130
74
51
46
50
80
141
207
246
244
244
245
224
161
92
54
42
43
55
95
168
244
244
242
242
243
241
152
80
48
37
40
58
109
201
246
243
243
243
243
194
101
51
37
35
44
86
178
246
243
242
242
242
241
241
241
242
242
242
243
242
242
242
242
243
242
243
243
244
195
111
54
34
29
38
63
125
201
246
244
243
244
227
155
83
46
34
35
50
93
172
245
243
243
242
243
241
162
69
40
32
37
57
119
212
245
243
242
243
242
211
111
51
32
29
41
90
185
246
243
242
242
241
241
241
241
242
243
242
243
242
242
242
243
243
242
243
243
244
202
118
55
32
26
35
66
133
210
244
243
242
243
239
171
96
52
37
37
48
87
185
245
243
242
242
242
241
155
80
49
38
41
59
112
206
245
242
243
242
242
200
101
47
29
26
38
76
164
246
244
242
242
242
242
242
242
242
243
242
242
242
242
243
243
244
244
244
243
244
182
105
48
26
23
32
57
120
201
244
243
242
242
241
178
107
70
58
59
71
114
186
244
244
243
242
242
240
170
104
73
67
70
90
142
224
244
242
242
243
243
215
119
46
29
26
36
70
155
240
244
243
242
242
242
242
241
242
243
242
243
242
243
243
242
227
223
218
218
206
159
82
40
23
23
33
60
126
207
244
242
242
242
242
220
162
126
120
123
136
168
224
244
243
242
242
242
242
234
179
151
146
149
161
196
244
244
242
243
243
242
222
123
52
28
26
29
54
101
151
177
185
190
199
230
243
242
243
243
242
243
242
242
241
197
166
148
139
137
128
101
60
32
23
23
32
63
126
203
244
243
242
243
242
243
230
216
211
215
223
242
244
244
243
242
241
242
242
242
243
245
240
241
244
244
244
242
243
242
243
242
228
125
52
29
24
26
36
51
70
79
84
86
96
139
244
243
242
242
242
243
242
243
223
152
110
81
69
64
58
48
35
26
21
23
33
60
125
207
244
243
243
242
242
243
243
244
245
244
245
243
243
243
242
242
242
242
241
243
243
244
244
244
243
243
243
243
242
242
242
243
225
120
51
29
24
24
26
29
35
38
40
43
56
107
230
244
243
242
242
243
242
243
214
134
85
51
40
35
32
28
23
21
20
21
29
54
123
209
244
243
242
242
242
242
243
243
243
243
243
243
242
242
242
242
242
241
242
242
242
242
243
242
243
243
242
242
242
242
243
242
227
119
51
29
24
24
24
24
26
29
29
33
48
100
231
244
243
242
242
242
242
243
214
130
77
40
28
25
23
21
20
18
18
21
27
51
110
191
242
242
243
242
243
242
242
242
242
242
243
242
242
242
242
241
242
241
242
242
241
242
242
242
242
242
242
242
242
242
243
243
225
117
49
29
24
24
24
26
27
27
29
33
49
103
240
244
242
242
242
242
242
242
235
147
78
42
29
26
24
23
21
20
18
21
26
51
107
186
246
244
242
243
243
242
243
242
243
243
242
243
242
242
242
242
242
241
242
242
241
242
242
242
242
242
242
243
243
243
243
242
219
114
48
29
24
24
27
30
36
38
41
44
55
96
247
244
241
242
242
242
242
242
242
160
101
64
44
41
38
33
26
21
20
21
26
49
102
176
236
244
244
243
243
243
243
243
242
242
244
243
243
242
242
241
241
241
241
241
242
242
242
243
242
243
243
243
243
243
243
242
211
96
43
29
26
27
36
52
73
86
91
98
109
146
244
244
242
242
242
242
242
243
242
210
158
132
118
116
109
84
56
32
23
21
24
39
75
125
164
179
184
184
186
186
186
186
186
186
194
214
242
243
243
242
242
241
241
238
204
178
167
164
161
157
157
157
157
157
154
146
119
72
35
27
26
30
58
124
208
246
245
245
244
244
243
242
242
242
242
243
242
242
243
242
230
219
208
206
197
149
89
43
26
21
21
29
45
68
86
95
97
97
97
97
97
94
94
96
104
137
207
244
243
242
241
241
241
230
141
92
81
78
75
74
72
72
72
72
69
66
56
41
29
26
26
33
73
170
248
245
243
243
243
242
242
241
242
242
242
242
242
241
242
242
243
243
244
245
246
212
134
61
29
21
21
23
26
35
40
41
43
43
43
43
43
41
40
43
51
83
186
245
243
242
242
242
241
203
105
57
40
37
35
35
35
35
35
35
35
35
32
27
26
24
26
33
65
159
247
244
242
241
241
241
240
240
242
242
241
241
241
242
242
242
243
243
242
243
243
226
139
64
29
21
19
20
21
23
26
26
26
26
26
26
26
26
26
29
40
77
160
245
243
242
242
241
241
192
94
46
29
26
26
26
26
26
26
26
27
27
26
24
24
24
26
36
69
169
245
243
242
241
241
240
240
241
242
242
242
242
241
241
241
241
242
242
242
243
243
229
138
60
29
21
18
18
18
21
21
21
21
21
21
21
21
21
23
26
38
76
163
245
243
242
242
242
241
213
110
40
26
23
21
23
24
24
24
24
24
24
24
24
24
24
26
33
69
175
246
243
242
241
241
240
240
240
242
242
242
241
241
241
241
242
242
242
242
243
243
238
152
69
31
21
18
18
18
18
18
19
21
21
21
21
21
21
21
24
33
65
169
246
243
242
242
242
241
210
103
46
26
21
21
21
21
21
24
24
24
24
24
24
24
24
26
33
57
137
246
243
242
241
241
241
241
241
242
242
241
242
241
241
241
241
241
242
242
243
243
209
130
60
28
21
18
18
18
18
18
19
19
21
21
21
21
21
21
24
35
69
153
245
243
242
242
241
241
198
97
46
26
21
21
21
21
24
24
24
24
24
24
24
24
24
26
29
50
112
204
242
240
241
239
240
241
241
242
241
241
241
241
242
241
239
234
208
192
186
174
136
85
43
26
21
18
18
18
18
19
19
19
21
21
21
21
21
21
24
36
75
163
246
244
242
242
241
242
219
110
51
26
21
21
21
21
24
24
24
24
24
24
24
24
24
24
27
33
54
95
113
119
122
127
155
241
243
241
242
241
241
241
241
241
221
153
110
96
90
84
70
51
32
23
21
18
18
18
19
19
19
19
21
21
21
21
21
21
24
33
65
147
247
244
242
241
241
242
208
101
47
26
21
21
21
21
24
24
24
24
24
24
24
24
24
24
24
27
33
41
46
48
49
57
87
182
239
241
241
241
241
242
242
241
207
121
64
43
38
35
32
26
23
21
19
18
18
18
19
19
21
19
21
21
21
21
21
21
24
35
71
160
246
244
242
242
241
241
226
113
52
28
21
21
21
21
24
24
24
24
24
24
24
24
24
24
24
24
24
26
27
29
32
41
77
184
245
241
241
241
241
242
242
241
186
103
48
29
26
23
23
21
21
18
18
18
18
18
18
19
19
21
21
21
21
21
21
21
24
33
63
144
246
244
242
241
242
241
216
106
46
26
21
21
21
21
21
21
22
24
24
24
24
24
24
24
24
24
24
24
24
24
26
35
65
163
246
241
241
241
241
241
242
241
196
110
49
26
21
21
21
19
18
18
18
18
18
18
18
18
19
19
19
21
21
21
21
21
23
33
69
157
246
243
241
242
242
241
231
118
51
28
21
21
21
21
21
21
21
21
24
24
24
24
21
21
21
21
24
24
24
24
26
36
71
177
244
241
241
241
242
241
242
247
180
98
43
23
21
21
19
18
18
18
18
18
18
18
18
19
19
19
19
21
21
21
21
21
23
33
63
144
246
244
242
241
242
241
213
106
46
26
21
21
21
21
21
21
21
21
22
22
21
21
21
21
21
21
21
24
24
24
26
33
65
160
246
241
241
241
241
241
242
241
193
106
48
26
21
21
19
18
18
18
18
18
18
18
19
19
19
19
19
21
21
21
21
21
23
29
57
158
246
243
242
242
242
241
228
118
51
26
21
21
21
21
21
21
21
21
22
24
21
22
22
21
21
21
21
24
24
24
24
36
71
172
245
241
241
241
241
241
241
242
205
101
42
24
21
21
19
18
18
18
18
18
18
18
18
19
19
21
21
21
21
21
21
21
24
33
63
144
246
243
242
241
241
241
238
103
46
26
21
21
21
21
21
21
21
21
22
24
22
22
24
21
22
21
24
24
21
24
26
33
63
153
246
241
241
240
242
241
242
242
189
104
49
26
21
21
19
19
19
18
18
18
18
19
18
19
21
21
21
21
21
21
21
21
23
29
57
129
243
243
242
241
242
241
226
116
51
26
21
21
21
21
21
21
21
21
21
22
21
21
21
22
22
22
24
24
24
24
24
33
57
166
246
240
241
240
241
242
241
242
202
116
52
26
21
21
21
19
19
18
19
18
19
19
19
19
19
21
21
21
21
21
21
21
23
33
63
141
246
244
242
242
242
241
239
130
56
26
21
21
21
21
21
21
21
21
21
21
21
22
22
22
22
24
24
24
24
24
26
35
63
150
245
241
241
241
241
241
242
242
191
107
49
26
22
21
21
21
21
19
19
19
19
19
19
19
19
19
21
21
21
21
21
21
23
29
57
128
239
244
242
241
241
241
226
118
52
26
21
21
21
21
21
21
21
21
21
22
21
22
22
21
24
24
24
24
26
26
29
36
59
136
240
241
242
241
241
242
242
242
203
120
54
29
23
21
21
21
21
21
19
18
19
19
19
19
19
19
21
21
21
21
21
21
23
29
60
137
246
244
242
242
242
242
239
133
59
29
21
21
21
21
21
21
21
21
21
21
21
21
21
21
24
24
24
27
29
33
35
41
68
150
245
241
241
241
241
241
242
241
197
122
64
43
38
36
33
29
24
21
21
19
19
19
19
19
19
21
21
21
21
21
21
21
23
29
54
122
234
244
243
242
242
241
234
125
54
26
21
21
21
21
21
21
21
21
21
21
21
21
21
21
24
27
39
58
73
80
86
91
111
172
245
241
241
241
242
242
242
242
217
146
88
66
60
57
51
39
29
23
21
19
19
19
19
19
19
21
21
21
21
21
21
21
23
29
60
133
246
243
242
242
242
242
239
139
59
29
21
21
21
21
21
21
21
21
21
21
21
21
21
21
24
30
52
102
132
143
152
160
178
231
244
241
241
241
242
241
242
242
240
197
157
143
140
134
119
87
50
29
21
21
19
19
21
19
21
21
21
21
21
21
21
21
23
29
51
116
230
244
242
242
242
242
239
131
55
29
23
21
21
21
21
21
21
21
22
21
21
22
24
24
27
42
89
175
245
246
245
244
244
244
242
242
242
241
242
241
242
242
242
244
237
229
227
216
187
129
64
32
23
21
19
21
21
21
21
21
21
21
21
21
21
21
24
29
54
122
234
245
242
242
242
242
232
122
54
29
23
21
21
21
21
21
21
21
22
24
22
24
24
24
29
49
114
224
246
244
244
243
242
242
241
241
242
241
241
241
242
242
242
242
244
244
245
245
234
149
73
35
23
21
21
21
21
21
21
21
21
21
21
21
21
21
24
32
57
128
237
244
242
241
241
242
240
140
63
32
24
21
21
21
21
23
24
24
24
24
24
24
24
24
29
44
106
247
244
243
241
241
242
241
241
241
242
241
241
241
241
242
242
242
242
242
243
242
242
180
93
43
26
23
21
21
21
23
23
23
24
24
24
24
24
24
24
29
51
112
221
244
243
241
242
242
239
131
60
32
26
24
24
24
24
24
24
26
26
26
26
27
27
27
33
51
116
234
244
242
241
241
241
241
241
240
241
241
240
241
241
241
241
242
241
241
242
242
242
184
95
47
33
29
29
29
29
29
29
29
32
32
32
33
33
33
35
40
62
124
227
244
242
242
241
242
235
133
69
43
38
38
38
38
38
39
41
41
41
41
41
41
43
44
50
68
134
246
243
242
241
241
240
241
241
240
240
240
241
241
241
241
241
241
241
241
242
242
242
181
101
60
50
47
47
47
48
48
48
50
50
51
51
51
53
53
56
61
85
147
239
244
242
242
242
241
240
166
102
71
67
68
69
70
71
72
74
75
77
78
80
80
83
83
88
103
172
245
243
241
241
240
240
240
240
240
240
240
240
240
241
240
241
241
241
241
242
242
243
224
156
118
106
105
105
109
109
112
115
115
115
117
118
118
121
121
124
131
151
197
245
243
242
241
242
241
241
221
180
160
158
158
162
165
168
171
174
177
182
185
188
192
198
201
209
225
244
243
243
241
240
240
240
241
241
240
240
240
240
240
240
241
241
241
241
241
241
241
242
242
233
220
220
221
223
226
229
233
236
236
236
236
236
233
236
236
239
242
244
244
244
243
242
242
242
242
242
242
244
244
244
245
244
244
245
244
245
245
244
244
244
243
243
244
244
243
243
242
241
241
241
241
241
241
240
240
241
240
240
241
240
241
241
241
241
241
241
241
243
243
244
244
245
245
244
244
245
244
244
244
243
244
243
244
244
244
244
243
243
243
242
242
242
242
241
242
242
243
243
243
243
243
243
243
243
243
243
243
243
242
243
243
242
243
242
242
241
242
241
241
240
240
241
240
240
239
239
240
240
240
240
241
240
241
241
241
242
241
241
242
243
242
243
243
242
242
242
242
242
242
242
242
242
242
242
242
242
242
242
242
241
241
241
241
241
241
242
242
242
242
242
242
242
242
242
242
242
242
241
242
241
241
241
241
241
241
241
241
241
240
240
240
240
240
241
239
240
240
240
240
240
240
241
240
241
241
241
242
242
242
242
242
241
242
242
242
242
241
242
241
242
241
241
241
241
241
242
242
242
242
241
241
241
241
242
242
242
242
242
241
241
242
241
241
241
241
241
241
241
241
241
241
241
240
241
240
241
241
240
240
240
240
241
241
241
239
239
239
240
240
241
240
240
241
241
241
240
241
242
242
242
242
242
242
241
241
241
241
241
241
241
241
241
241
242
241
242
242
241
241
241
241
241
242
241
242
241
241
241
241
241
241
241
241
241
241
241
241
241
241
241
240
240
241
241
241
240
241
241
240
240
241
240
240
241
239
239
239
240
240
240
240
241
241
240
241
241
241
241
241
241
242
242
241
241
241
241
241
241
241
241
241
241
241
241
241
241
241
241
241
241
241
242
242
241
242
241
241
241
241
241
241
241
241
240
241
241
241
241
241
240
241
241
241
240
240
241
240
240
240
240
241
240
240
240
238
239
239
240
240
240
241
239
240
240
240
241
241
241
241
241
242
241
241
241
241
241
241
241
241
241
241
241
241
241
241
240
241
241
241
241
241
241
241
241
241
241
241
241
241
242
241
241
240
241
241
241
241
241
240
240
241
241
241
240
240
240
240
240
240
240
241
240
240
241
238
239
239
240
240
240
240
240
240
239
240
240
241
241
241
242
241
241
241
241
241
241
241
242
241
241
241
241
241
241
241
241
241
241
241
241
241
241
241
241
242
241
241
241
242
241
241
241
241
241
241
241
241
240
241
240
241
240
241
240
240
240
241
240
241
240
240
240
240
241
238
238
238
239
239
239
239
240
240
240
240
240
241
241
242
242
242
241
241
241
241
241
241
241
242
241
241
241
241
241
241
241
241
241
241
241
241
241
241
241
241
241
241
241
241
241
241
241
240
240
241
241
241
241
241
241
241
241
240
240
241
240
240
241
240
241
241
241
241
241
