The following points are given in 'flag' coordinates:

      ____+1.0____
     |            |
-1.0 |            | +1.0
     |            |
     |____________|
         -1.0

============ CRITICAL POINTS ============
-0.868, 0.276
-0.874, -0.278
-0.294, -0.068
-0.269, 0.412
-0.265, -0.422
0.003, 0.416
0.020, 0.043
0.001, -0.428
0.106, -0.267
0.253, 0.421
0.251, -0.416
0.429, 0.438
0.835, 0.278
0.842, -0.276

============ UNITED KINGOM ============
15, 17, 12
7, 7, 5
114, 58, 58
225, 255, 221
79, 96, 94
228, 255, 223
114, 56, 56
112, 56, 56
114, 66, 66
225, 255, 223
35, 56, 58
224, 255, 221
153, 130, 119
142, 137, 127

============ FRANCE ============
7, 7, 5
5, 5, 5
28, 48, 56
33, 53, 66
28, 45, 53
223, 255, 221
224, 255, 224
224, 255, 221
226, 255, 222
224, 255, 222
221, 249, 216
165, 94, 89
163, 53, 58
163, 53, 58

============ SYRIA ============
7, 7, 7
10, 10, 10
163, 214, 173
33, 35, 28
117, 58, 58
40, 43, 35
114, 140, 119
117, 56, 56
225, 255, 221
43, 45, 38
150, 86, 84
66, 71, 61
28, 28, 22
219, 255, 220

============ ICELAND ============
7, 7, 7
7, 7, 7
232, 224, 198
255, 250, 222
198, 178, 158
43, 94, 127
35, 81, 107
33, 71, 96
209, 214, 186
35, 84, 119
30, 66, 91
35, 84, 11
30, 73, 102
211, 219, 196

============ SUDAN ============
10, 10, 7
7, 7, 5
211, 234, 206
221, 255, 221
102, 38, 40
223, 255, 223
28, 30, 25
107, 40, 43
232, 255, 223
223, 255, 223
104, 40, 43
224, 255, 22
71, 76, 68
229, 255, 221

============ NORTH MACEDONIA ============
10, 10, 7
7, 7, 7
124, 56, 51
221, 255, 221
160, 104, 61
223, 255, 221
158, 91, 61
153, 99, 58
173, 130, 66
224, 255, 222
104, 43, 43
223, 255, 221
211, 183, 112
145, 79, 56

============ BURKINA FASO ============
10, 10, 7
7, 7, 7
58, 104, 63
66, 122, 76
135, 43, 45
71, 122, 79
58, 104, 66
137, 45, 48
158, 79, 56
68, 122, 84
130, 40, 45
81, 130, 96
56, 104, 63
163, 56, 58

============ BURUNDI ============
7, 7, 7
5, 7, 5
68, 119, 76
224, 198, 181
206, 216, 191
229, 221, 198
222, 255, 222
221, 239, 209
226, 247, 214
229, 224, 198
191, 178, 158
239, 252, 221
226, 255, 218
61, 109, 66

============ CENTRAL AFRICAN REPUBLIC ============
7, 7, 5
7, 10, 7
51, 96, 58
255, 198, 91
224, 249, 216
140, 61, 63
107, 38, 40
94, 33, 35
99, 35, 38
249, 191, 94
221, 239, 211
237, 196, 107
209, 163, 71
227, 255, 222

============ CZECHIA ============
7, 7, 7
5, 5, 5
28, 58, 73
145, 61, 61
158, 193, 175
147, 68, 68
119, 45, 48
225, 255, 223
228, 255, 223
142, 68, 66
216, 244, 214
147, 89, 84
132, 51, 53
227, 255, 222